dropout_rate: 0.5665306554546292
train_batchsize: 16
test_batchsize: 8
k: 16
lr: 1.1562801312073753e-06
momentum: 0.9214232326816909
weight_decay: 3.223168374062148e-05
time: 4:10 minutes