dropout_rate: 0.6725940991756088
train_batchsize: 16
test_batchsize: 8
k: 21
lr: 3.1952475057592136e-05
momentum: 0.925270910307518
weight_decay: 4.603159145931442e-05
