dropout_rate: 0.7666013109449269
train_batchsize: 16
test_batchsize: 8
k: 19
lr: 2.1544346900318822e-06
momentum: 0.9244775457543025
weight_decay: 9.109921714579634e-05
time: 6 hours

